0 0.5556882125 0.5809312640625001 0.5548567921875 0.5709534374999999 0.5457111703125 0.5687361421875 0.5357341296875 0.5687361421875 0.5299141875 0.5742793796875 0.5215999859375 0.5798226171875001 0.5182743046875 0.58980044375 0.5182743046875 0.5986696234375 0.520768565625 0.6042128609375 0.5265885078125 0.607538803125 0.533399346875 0.6108647453125 0.5398912296875 0.60864745 0.5506996921875 0.5997782703125 0.554025371875 0.5920177390625 0.5556882125 0.5809312640625001
0 0.399381221875 0.36141906874999996 0.4018754828125 0.3525498890625 0.4010440625 0.34478935625 0.3952241203125 0.3414634140625 0.38690991874999997 0.338137471875 0.38275281875 0.3414634140625 0.37527003593749997 0.3470066515625 0.3727757765625 0.3536585359375 0.37194435625 0.36141906874999996 0.3753820484375 0.36807095312500004 0.3802585578125 0.37139689531250003 0.3877413390625 0.37250554375 0.3943927 0.36807095312500004 0.399381221875 0.36141906874999996
0 0.35115885156250004 0.4201773828125 0.35032743125 0.41352549843749997 0.348664590625 0.4113082046875 0.3453389109375 0.409090909375 0.33951896875 0.41019955625 0.33369902812499996 0.4113082046875 0.3287105078125 0.416851440625 0.3253848265625 0.4235033265625 0.32289056562499996 0.4312638578125 0.32289056562499996 0.43680709531249995 0.3253848265625 0.4423503328125 0.3287105078125 0.444567628125 0.33463021875 0.445676275 0.3420132296875 0.444567628125 0.3470017515625 0.4379157421875 0.35032743125 0.4312638578125 0.35115885156250004 0.4201773828125
0 0.42099814531249996 0.468957871875 0.4201667265625 0.4623059859375 0.41684104531250005 0.46008869218750004 0.4093582640625 0.46008869218750004 0.4018754828125 0.46008869218750004 0.39771838125 0.46784922343749996 0.3968869609375 0.47782705156249994 0.3968869609375 0.48115299375 0.4019954890625 0.4855875828125 0.4076954234375 0.48891352499999996 0.41600962499999994 0.48780487812500006 0.42099814531249996 0.47782705156249994 0.42099814531249996 0.468957871875
0 0.8225740874999999 0.37028824843749997 0.8150913046875001 0.3636363640625 0.8067771031250001 0.360310421875 0.7943058015625 0.360310421875 0.7893172796875 0.3647450109375 0.7893172796875 0.3769401328125 0.7959686406250001 0.38359201718749997 0.8017885828125 0.386917959375 0.8061871046875 0.390243903125 0.8175855656250001 0.390243903125 0.8242369265624999 0.3858093125 0.8283940281250001 0.379157428125 0.8225740874999999 0.37028824843749997
0 0.630516028125 0.7184035484375 0.6230332468750001 0.7184035484375 0.6180447250000001 0.7261640796875 0.6180447250000001 0.7405764968749999 0.6205389859375 0.7439024390625 0.62552750625 0.7505543234375 0.6355045500000001 0.7549889140625 0.6371673890625 0.7560975609375 0.637998809375 0.7560975609375 0.6431797859375 0.751662971875 0.64714443125 0.7427937921875001 0.645481590625 0.7305986703125 0.637998809375 0.721729490625 0.630516028125 0.7184035484375
0 0.8741221375 0.523281596875 0.8691336156249999 0.5199556546874999 0.8641450953125001 0.5199556546874999 0.85583089375 0.5199556546874999 0.850842371875 0.5266075390625 0.850842371875 0.5376940140625 0.8566623140624999 0.5443458984375 0.8599879937500001 0.5454545453125 0.8677306843749999 0.5465631921874999 0.8749535578125001 0.542128603125 0.8782792374999999 0.5399113078125 0.8782792374999999 0.528824834375 0.8741221375 0.523281596875
0 0.071801675 0.409090909375 0.06847599531250001 0.4057649671875 0.06431889375 0.4057649671875 0.058498953124999996 0.41019955625 0.0543418515625 0.414634146875 0.0518475921875 0.42128603125 0.0518475921875 0.42682926875 0.0518475921875 0.4312638578125 0.052679010937500007 0.43237250625 0.0593474515625 0.43237250625 0.0651503140625 0.42904656250000006 0.07097025625 0.4246119734375 0.07263309531249999 0.41574279374999995 0.071801675 0.409090909375
0 0.067644575 0.4611973390625 0.06431889375 0.468957871875 0.06431889375 0.47560975625 0.06431889375 0.4800443453125 0.073464515625 0.48780487812500006 0.0776216171875 0.48669623125 0.084272978125 0.4800443453125 0.08510439843749999 0.47450110937499995 0.08593581875 0.47117516562499995 0.08593581875 0.4656319296875 0.084272978125 0.46008869218750004 0.0892875703125 0.4656319296875 0.08094729687499999 0.4556541015625 0.07679019687500001 0.4556541015625 0.07097025625 0.4556541015625 0.067644575 0.4611973390625
0 0.1300010875 0.36141906874999996 0.12667540625 0.360310421875 0.120855465625 0.360310421875 0.11752978437499999 0.3658536578125 0.1166983640625 0.3691796015625 0.115035525 0.37250554375 0.1142041046875 0.373614190625 0.113372684375 0.379157428125 0.113372684375 0.38359201718749997 0.113372684375 0.3858093125 0.1166983640625 0.39135255 0.12588105 0.384700665625 0.1291696671875 0.380266075 0.132495346875 0.373614190625 0.132495346875 0.3691796015625 0.1300010875 0.36141906874999996
0 0.7685317765625 0.23059867031249998 0.7710260359375 0.22505543281249998 0.7693631953125 0.2206208421875 0.7685317765625 0.216186253125 0.7618804140625001 0.2139689578125 0.7577233140625 0.2139689578125 0.7527347921875001 0.2139689578125 0.7510719531250001 0.2117516625 0.747746271875 0.2139689578125 0.744420590625 0.2206208421875 0.744420590625 0.2317073171875 0.7452520109375 0.23725055468749998 0.7469148515625 0.240576496875 0.7502405328124999 0.240576496875 0.7554552359375 0.23725055468749998 0.76104899375 0.23614190625 0.76104899375 0.23503325937500003 0.764374675 0.2328159640625 0.7685317765625 0.23059867031249998
0 0.5116229437500001 0.028824834375000004 0.5041401624999999 0.019955654687499998 0.490837440625 0.01884700625 0.4808603984375 0.0221729484375 0.4742090359375 0.033259423437500005 0.47504045625 0.0454545453125 0.4825232375 0.054323725 0.48335465781250003 0.054323725 0.4901525078125 0.055432371875 0.50746584375 0.054323725 0.5116229437500001 0.048780487500000004 0.513285784375 0.04101995625 0.5116229437500001 0.028824834375000004
0 0.77850881875 0.01884700625 0.7710260359375 0.015521064062500001 0.75689189375 0.014412417187500002 0.7469148515625 0.014412417187500002 0.733612128125 0.0277161859375 0.7410949109375 0.04101995625 0.747746271875 0.047671840625 0.7494091125 0.047671840625 0.7579502453125 0.047671840625 0.7701946171875 0.04323725 0.7751831375 0.039911307812500005 0.77850881875 0.028824834375000004 0.77850881875 0.01884700625
0 0.10588990312499999 0.31263858125 0.0975757 0.31596452343750003 0.09258717968749999 0.3237250546875 0.09009291875 0.3337028828125 0.09009291875 0.338137471875 0.09594093125 0.33702882500000003 0.10090138125 0.3337028828125 0.1067213234375 0.3292682921875 0.1083841625 0.3215077609375 0.10588990312499999 0.31263858125