1 0.60234375 0.28828125 0.071875 0.0671875
1 0.3484375 0.30546875 0.0578125 0.0515625
1 0.21953125 0.31640625 0.0625 0.0609375
1 0.096875 0.365625 0.053125 0.0484375
1 0.10390625 0.4765625 0.0546875 0.053125
1 0.115625 0.55390625 0.059375 0.059375
1 0.128125 0.634375 0.053125 0.0546875
1 0.26015625 0.71171875 0.05625 0.059375
1 0.37890625 0.7078125 0.059375 0.065625
1 0.62578125 0.6875 0.0671875 0.06875
1 0.759375 0.68359375 0.065625 0.0640625
1 0.89453125 0.578125 0.06875 0.0640625
1 0.890625 0.475 0.065625 0.0703125
1 0.8859375 0.371875 0.059375 0.0609375