1 0.34609375 0.321875 0.0875 0.0828125
1 0.59609375 0.27265625 0.06875 0.0640625
1 0.7234375 0.25 0.0765625 0.075
1 0.8546875 0.265625 0.0640625 0.0609375
1 0.8765625 0.375 0.0671875 0.065625
1 0.88515625 0.45234375 0.0734375 0.0734375
1 0.89375 0.53359375 0.065625 0.0671875
1 0.78671875 0.6421875 0.0703125 0.071875
1 0.67109375 0.66953125 0.075 0.078125
1 0.42734375 0.71328125 0.0828125 0.084375
1 0.296875 0.74453125 0.0796875 0.078125
1 0.1390625 0.67734375 0.0828125 0.0796875
1 0.11640625 0.5765625 0.08125 0.084375
1 0.09375 0.47578125 0.0734375 0.075